0.435772
0.353414
0.36788
0.310202
0.373099
0.363368
0.321735
0.368518
0.366832
0.349164
0.395672
0.313716
0.328578
0.391293
0.38138
0.315566
0.37841
0.344626
0.36718
0.301508
0.348493
0.323008
0.345778
0.35232
0.326797
0.397529
0.379554
0.369758
0.432061
0.35774
0.412163
0.386041
0.392181
0.462259
0.491636
0.53672
0.525353
0.498099
0.551118
0.555607
0.544051
0.57261
0.584884
0.533035
0.601705
0.629688
0.697391
0.652417
0.655893
0.699334
0.686341
0.697478
0.692502
0.695577
0.706622
0.709556
0.72046
0.731256
0.725943
0.736683
0.755317
0.749763
0.728266
0.738983
0.749593
0.744097
0.746656
0.74919
0.735698
0.730341
0.725037
0.727787
0.714509
0.709364
0.704271
0.707228
0.702156
0.697134
0.692163
0.687241
0.682369
0.677545
0.68077
0.667962
0.663282
0.658649
0.662063
0.657442
0.644868
0.640419
0.636015
0.631655
0.627338
0.623065
0.618834
0.614646
0.6185
0.606314
0.602251
0.606229
0.602166
0.598145
0.594163
0.590222
0.586319
0.582456
0.578632
0.574845
0.571097
0.567386
0.563712
0.560075
0.556474
0.552909
0.54938
0.545887
0.542428
0.539003
0.535613
0.532257
0.528935
0.525645
0.522389
0.519165
0.515973
0.512814
0.509686
0.506589
0.503523
0.500488
0.497483
0.494508
0.491563
0.488647
0.485761
0.482903
0.480074
0.477273
0.474501
0.471756
0.469038
0.466348
0.463684
0.461047
0.458437
0.455853
0.453294
0.450761
0.448254
0.445771
0.443313
0.44088
0.438471
0.436087
0.433726
0.431388
0.429075
0.426784
0.424516
0.422271
0.420048
0.417848
0.415669
0.413512
0.411377
0.409264
0.407171
0.405099
0.403048
0.401018
0.399008
0.397017
0.395047
0.393097
0.391166
0.389254
0.387362
0.385488
0.383633
0.381797
0.379979
0.378179
0.376397
0.374633
0.372887
0.371158
0.369447
0.367752
0.366075
0.364414
0.36277
0.361142
0.359531
0.357935
0.356356
0.354792
0.353244
0.351712
0.350195
0.348693
0.347206
0.345734
0.344277
0.342834
0.341405
0.339991
0.338592
0.337206
0.335834
0.334475
0.33313
0.331799
0.330481
0.329176
0.327885
0.326606
0.32534
0.324086
0.322845
0.321617
0.320401
0.319197
0.318005
0.316825
0.315656
0.3145
0.313355
0.312221
0.311099
0.309988
0.308888
0.307799
0.306721
0.305654
0.304598
0.303552
0.302516
0.301491
0.300476
0.299471
0.298477
0.297492
0.296517
0.295552
0.294596
0.29365
0.292714
0.291787
0.290869
0.28996
0.289061
0.28817
0.287288
0.286415
0.285551
0.284696
0.283849
0.28301
0.28218
0.281358
0.280545
0.279739
0.278942
0.278152
0.277371
0.276597
0.275831
0.275073
0.274322
0.273579
0.272843
0.272115
0.271394
0.27068
0.269973
0.269273
0.26858
0.267895
0.267216
0.266544
0.265878
0.265219
0.264567
0.263921
0.263282
0.262649
0.262023
0.261403
0.260789
0.260181
0.259579
0.258983
0.258393
0.257809
0.257231
0.256659
0.256092
0.255532
0.254976
0.254426
0
0
0
0
0
0
0
0
0
0
0
0
0
0
0
0
0
0
0
0
0
0
0
0
0
0
0
0
0
0
0
0
0
0
0
0
0
0
0
0
0
0
0
0
0
0
0
0
0
0
0
0
0
0
0
0
0
0
0
0
0
0
0
0
0
0
0
0
0
0
0
0
0
0
0
0
0
0
0
0
0
0
0
0
0
0
0
0
0
0
0
0
0
0
0
0
0
0
0
0
0
0
0
0
0
0
0
0
0
0
0
0
0
0
0
0
0
0
0
0
0
0
0
0
0
0
1.50662e-05
3.49155e-05
5.45663e-05
9.05146e-05
0.000262434
0.000817701
0.00206583
0.00398544
0.00594559
0.00788613
0.00980727
0.0117092
0.0135921
0.0154562
0.0173016
0.0191286
0.0209373
0.0227279
0.0245007
0.0262557
0.0279931
0.0297132
0.031416
0.0331019
0.0347709
0.0364232
0.0380589
0.0396783
0.0412816
0.0428687
0.0444401
0.0459957
0.0475357
0.0490603
0.0505697
0.052064
0.0535434
0.055008
0.0564579
0.0578933
0.0593144
0.0607212
0.062114
0.0634929
0.0648579
0.0662094
0.0675473
0.0688718
0.0701831
0.0714813
0.0727664
0.0740388
0.0752984
0.0765454
0.07778
0.0790021
0.0802121
0.08141
0.0825959
0.0837699
0.0849322
0.0860829
0.0872221
0.0883499
0.0894664
0.0905717
0.091666
0.0927493
0.0938218
0.0948836
0.0959348
0.0969754
0.0980057
0.0990256
0.100035
0.101035
0.102025
0.103004
0.103974
0.104935
0.105885
0.106826
0.107758
0.108681
0.109594
0.110498
0.111393
0.112279
0.113156
0.114025
0.114884
0.115736
0.116578
0.117412
0.118238
0.119056
0.119865
0.120667
0.12146
0.122245
0.123023
0.123793
0.124555
0.125309
0.126056
0.126796
0.127528
0.128252
0.12897
0.12968
0.130383
0.131079
0.131769
0.132451
0.133126
0.133795
0.134457
0.135113
0.135762
0.136404
0.13704
0.13767
0.138293
0.13891
0.139521
0.140126
0.140724
0.141317
0.141904
0.142485
0.14306
0.143629
0.144193
0.144751
0.145304
0.145851
0.146392
0.146928
0.147459
0.147984
0.148504
0.149019
0.149529
0.150034
0.150534
0.151028
0.151518
0.152003
0.152483
0.152958
0.153428
0.153894
0.154355
0.154812
0.155264
0.155711
0.156154
0.156592
0.157026
0.157456
0.157881
0.158303
0.15872
0.159132
0.159541
0.159946
0.160346
0.160743
0.161135
0.161524
0.161909
0.16229
0.162667
0.16304
