0.254177
0.269635
0.212939
0.27681
0.252042
0.275521
0.298766
0.361778
0.25616
0.295599
0.278643
0.277856
0.213078
0.260947
0.284338
0.267494
0.322819
0.289591
0.248695
0.264208
0.311566
0.26245
0.317826
0.268648
0.275961
0.283202
0.24237
0.265946
0.297286
0.232314
0.24799
0.319511
0.270315
0.253612
0.277076
0.268305
0.299622
0.242626
0.2422
0.249778
0.23328
0.272947
0.280218
0.287416
0.262542
0.285916
0.237057
0.276686
0.259919
0.28332
0.274487
0.257742
0.289165
0.264273
0.25563
0.247074
0.286603
0.285737
0.26088
0.252271
0.307748
0.322671
0.337444
0.25607
0.335509
0.294154
0.285213
0.32436
0.347117
0.377646
0.255869
0.29531
0.334357
0.381014
0.299204
0.362212
0.304589
0.303544
0.358508
0.316923
0.323754
0.41055
0.392411
0.342487
0.341195
0.331677
0.346505
0.376907
0.367103
0.365704
0.379939
0.386359
0.408647
0.398445
0.468187
0.362403
0.440303
0.358047
0.38835
0.418544
0.46538
0.374776
0.356572
0.363521
0.425585
0.415667
0.405374
0.419196
0.385969
0.415838
0.453499
0.419596
0.416876
0.46366
0.388603
0.467461
0.337397
0.478312
0.43686
0.41802
0.423518
0.470036
0.410771
0.434257
0.449379
0.42118
0.379428
0.389465
0.354879
0.376259
0.35173
0.484333
0.402825
0.426977
0.338385
0.344016
0.421084
0.451893
0.330928
0.464711
0.425176
0.405668
0.372943
0.410906
0.387025
0.399075
0.41448
0.399475
0.389187
0.403879
0.385287
0.37159
0.39863
0.324283
0.418159
0.318476
0.365608
0.302596
0.407006
0.386683
0.385287
0.397519
0.353283
0.422922
0.421023
0.310271
0.409168
0.421375
0.415461
0.385941
0.340196
0.386686
0.329077
0.362492
0.393764
0.327407
0.347071
0.387641
0.4005
0.38016
0.323002
0.381726
0.380674
0.350402
0.346642
0.386082
0.307422
0.400682
0.319444
0.346155
0.317887
0.425728
0.388617
0.330955
0.417017
0.286261
0.334801
0.343389
0.342102
0.42102
0.276738
0.35589
0.338819
0.343539
0.403136
0.339745
0.354844
0.316927
0.259035
0.322019
0.393796
0.408581
0.365939
0.336081
0.36059
0.326402
0.374188
0.401976
0.310041
0.322745
0.357156
0.355502
0.318087
0.351619
0.276904
0.381665
0.326895
0.375175
0.296742
0.332455
0.341935
0.252795
0.318455
0.400216
0.38829
0.292349
0.375316
0.433795
0.335779
0.277842
0.311115
0.313391
0.367397
0.370168
0.324255
0.367107
0.437922
0.330225
0.340096
0.34407
0.327465
0.306973
0.326244
0.364539
0.377357
0.329775
0.334475
0.302508
0.324694
0.303865
0.376257
0.330153
0.31399
0.306337
0.322516
0.360832
0.364247
0.297992
0.326895
0.324478
0.310199
0.285702
0.277063
0.332623
0.27498
0.369214
0.291547
0.300921
0.396969
0.332172
0.313309
0.363198
0.344038
0.285299
0.324503
0.277382
0.264576
0.382582
0.341944
0.302865
0.351222
0.342382
0.314933
0.353124
0.3031
0.249604
0.346903
0.334199
0.303125
0.329707
0
0
0
0
0
0
0
0
0
0
0
0
0
0
0
0
0
0
0
0
0
0
0
0
0
0
0
0
0
0
0
0
1.26386e-05
3.25122e-05
5.21871e-05
7.16652e-05
9.09485e-05
0.000127598
0.000169551
0.000251053
0.000376602
0.000528701
0.000683414
0.00083658
0.00100339
0.0011771
0.00136533
0.00155167
0.00174981
0.00199231
0.00224672
0.00251922
0.00288329
0.00328615
0.00374769
0.00430588
0.00491255
0.00561751
0.00642668
0.00734652
0.00833238
0.00941842
0.0105724
0.0118091
0.0131718
0.0145829
0.0160264
0.0175692
0.019166
0.0207841
0.0224465
0.0241073
0.0257862
0.0274587
0.0291317
0.0308202
0.032492
0.0341471
0.0358003
0.0374423
0.0390679
0.0406772
0.0422704
0.0438477
0.0454093
0.0469552
0.0484856
0.0500008
0.0515007
0.0529857
0.0544559
0.0559113
0.0573522
0.0587787
0.0601909
0.061589
0.0629731
0.0643434
0.0656999
0.067043
0.0683725
0.0696888
0.0709919
0.072282
0.0735592
0.0748236
0.0760754
0.0773146
0.0785414
0.079756
0.0809584
0.0821489
0.0833274
0.0844941
0.0856492
0.0867927
0.0879247
0.0890455
0.0901551
0.0912535
0.092341
0.0934175
0.0944834
0.0955385
0.0965832
0.0976173
0.0986411
0.0996547
0.100658
0.101652
0.102635
0.103609
0.104573
0.105527
0.106472
0.107407
0.108333
0.10925
0.110157
0.111055
0.111945
0.112825
0.113697
0.11456
0.115415
0.11626
0.117098
0.117927
0.118748
0.11956
0.120365
0.121161
0.121949
0.12273
0.123503
0.124267
0.125025
0.125775
0.126517
0.127252
0.127979
0.128699
0.129412
0.130118
0.130817
0.131509
0.132194
0.132872
0.133543
0.134208
0.134866
0.135517
0.136162
0.1368
0.137432
0.138058
0.138677
0.139291
0.139898
0.140499
0.141094
0.141683
0.142266
0.142843
0.143415
0.143981
0.144541
0.145095
0.145644
0.146188
0.146726
0.147259
0.147786
0.148308
0.148825
0.149337
0.149844
0.150345
0.150842
0.151333
0.15182
0.152302
0.152779
0.153251
0.153719
0.154181
0.15464
0.155093
0.155542
0.155987
0.156427
0.156863
0.157294
0.157721
0.158144
0.158562
0.158977
0.159387
0.159793
0.160195
0.160593
0.160987
0.161378
0.161764
0.162146
0.162525
0.162899
0.16327
0.163638
0.164001
0.164361
0.164718
0.16507
0.16542
0.165766
0.166108
0.166447
0.166782
0.167115
0.167443
0.167769
0.168091
0.16841
0.168726
0.169039
0.169349
0.169655
0.169959
0.170259
0.170556
0.170851
0.171142
0.171431
0.171717
0.171999
0.172279
0.172557
0.172831
0.173103
0.173372
0.173638
0.173902
0.174163
0.174421
0.174677
0.17493
0.175181
0.175429
0.175675
0.175918
0.176159
0.176397
0.176633
0.176867
0.177098
0.177327
0.177554
0.177778
0.178001
0.178221
0.178438
0.178654
0.178867
0.179079
0.179288
0.179495
0.1797
0.179903
0.180104
0.180303
0.1805
0.180695
0.180888
0.181079
0.181268
0.181456
0.181641
0.181825
0.182006
0.182187
