0.0482319
0.0501496
0.0522481
0.0536256
0.0557894
0.0578315
0.0593532
0.0614596
0.063545
0.0654096
0.0678555
0.0692769
0.0708842
0.0732753
0.0755426
0.0769872
0.0792173
0.0810251
0.0831149
0.0843837
0.0862399
0.0877775
0.0895997
0.0915037
0.0930887
0.0955578
0.0978022
0.0999242
0.102825
0.104797
0.107449
0.109774
0.112176
0.115455
0.1191
0.123309
0.127376
0.131102
0.135491
0.139936
0.144237
0.148895
0.153706
0.157869
0.16289
0.168261
0.174478
0.180134
0.185832
0.192074
0.198153
0.204372
0.210528
0.216723
0.223056
0.229425
0.235931
0.242571
0.249146
0.255854
0.262796
0.269668
0.276271
0.283008
0.289878
0.296679
0.303513
0.310378
0.317074
0.323703
0.330266
0.336863
0.343295
0.349662
0.355965
0.362305
0.368582
0.374797
0.380949
0.387039
0.393069
0.399038
0.405048
0.410897
0.416688
0.422421
0.428197
0.433915
0.439476
0.444981
0.450431
0.455827
0.461169
0.466457
0.471692
0.476876
0.482107
0.487186
0.492214
0.497292
0.502319
0.507296
0.512223
0.517101
0.52193
0.52671
0.531443
0.536129
0.540767
0.54536
0.549906
0.554407
0.558863
0.563274
0.567642
0.571965
0.576246
0.580483
0.584678
0.588832
0.592943
0.597014
0.601044
0.605033
0.608983
0.612893
0.616764
0.620596
0.624391
0.628147
0.631865
0.635547
0.639191
0.642799
0.646371
0.649907
0.653408
0.656874
0.660306
0.663702
0.667065
0.670395
0.673691
0.676954
0.680184
0.683383
0.686549
0.689683
0.692786
0.695859
0.6989
0.701911
0.704892
0.707843
0.710764
0.713657
0.71652
0.719355
0.722162
0.72494
0.72769
0.730413
0.733109
0.735778
0.738421
0.741036
0.743626
0.74619
0.748728
0.751241
0.753728
0.756191
0.758629
0.761043
0.763432
0.765798
0.76814
0.770459
0.772754
0.775026
0.777276
0.779503
0.781708
0.783891
0.786052
0.788192
0.79031
0.792407
0.794483
0.796538
0.798573
0.800587
0.802581
0.804555
0.80651
0.808444
0.81036
0.812257
0.814134
0.815992
0.817833
0.819654
0.821458
0.823243
0.825011
0.82676
0.828493
0.830208
0.831906
0.833587
0.835251
0.836898
0.83853
0.840144
0.841743
0.843325
0.844892
0.846443
0.847979
0.849499
0.851004
0.852494
0.853969
0.855429
0.856875
0.858306
0.859723
0.861126
0.862515
0.86389
0.865251
0.866598
0.867932
0.869253
0.870561
0.871855
0.873136
0.874405
0.875661
0.876904
0.878135
0.879354
0.88056
0.881755
0.882937
0.884108
0.885267
0.886414
0.88755
0.888674
0.889787
0.89089
0.891981
0.893061
0.894131
0.895189
0.896237
0.897275
0.898302
0.899319
0.900326
0.901323
0.902309
0.903286
0.904254
0.905211
0.906159
0.907097
0.908026
0.908946
0.909857
0.910758
0.91165
0.912534
0.913409
0.914274
0.915132
0.91598
0.916821
0.917652
0.918476
0.919291
0.920098
0.920897
0.921688
0.922471
0.923247
0.924014
0.924774
0.925526
0.926271
0.927008
0.927738
0.928461
0.929177
0.929885
0.930586
0.93128
0.931967
0.932647
0.923321
0.914088
0.904947
0.895897
0.886938
0.878069
0.869288
0.860595
0.851989
0.84347
0.835035
0.826684
0.818418
0.810233
0.802131
0.79411
0.786169
0.778307
0.770524
0.762819
0.755191
0.747638
0.740162
0.732761
0.725433
0.718179
0.710997
0.703887
0.696848
0.68988
0.682981
0.676151
0.669389
0.662696
0.656069
0.649508
0.643013
0.636583
0.630217
0.623915
0.617675
0.611499
0.605384
0.59933
0.593337
0.587403
0.581529
0.575714
0.569957
0.564257
0.558615
0.553029
0.547498
0.542023
0.536603
0.531237
0.525925
0.520665
0.515459
0.510304
0.505201
0.500149
0.495148
0.490196
0.485294
0.480441
0.475637
0.470881
0.466172
0.46151
0.456895
0.452326
0.447803
0.443325
0.438891
0.434502
0.430158
0.425856
0.421597
0.417381
0.413208
0.409075
0.404985
0.400935
0.396925
0.392956
0.389027
0.385136
0.381285
0.377472
0.373697
0.369961
0.366261
0.362598
0.358972
0.355383
0.351829
0.348311
0.344827
0.341379
0.337965
0.334586
0.33124
0.327927
0.324648
0.321402
0.318188
0.315006
0.311856
0.308737
0.30565
0.302593
0.299567
0.296572
0.293606
0.29067
0.287763
0.284886
0.282037
0.279216
0.276424
0.27366
0.270923
0.268214
0.265532
0.262877
0.260248
0.257645
0.255069
0.252518
0.249993
0.247493
0.245018
0.242568
0.240142
0.237741
0.235364
0.23301
0.23068
0.228373
0.226089
0.223828
0.22159
0.219374
0.21718
0.215009
0.212858
0.21073
0.208623
0.206536
0.204471
0.202426
0.200402
0.198398
0.196414
0.19445
0.192505
0.19058
0.188675
0.186788
0.18492
0.183071
0.18124
0.179428
0.177633
0.175857
0.174098
0.172357
0.170634
0.168928
0.167238
0.165566
0.16391
0.162271
0.160648
0.159042
0.157452
0.155877
0.154318
0.152775
0.151247
0.149735
0.148238
0.146755
0.145288
0.143835
0.142396
0.140972
0.139563
0.138167
0.136785
0.135418
0.134063
0.132723
0.131395
0.130082
0.128781
0.127493
0.126218
0.124956
0.123706
0.122469
0.121244
0.120032
0.118832
0.117643
0.116467
0.115302
0.114149
0.113008
0.111878
0.110759
0.109651
0.108555
0.107469
0.106395
0.105331
0.104277
0.103235
0.102202
0.10118
0.100168
0.0991667
0.098175
0.0971933
0.0962214
0.0952591
0.0943065
0.0933635
0.0924298
0.0915056
0.0905905
0.0896846
0.0887877
0.0878999
0.0870209
0.0861507
0.0852891
0.0844363
0.0835919
0.082756
0.0819284
0.0811091
0.080298
0.0794951
0.0787001
0.0779131
0.077134
0.0763626
0.075599
0.074843
0.0740946
0.0733536
0.0726201
0.0718939
0.071175
0.0704632
0.0697586
0.069061
0.0683704
0.0676867
0.0670098
0.0663397
0.0656763
0.0650195
0.0643694
0.0637257
0.0630884
0.0624575
0.061833
0.0612146
0.0606025
0.0599964
0.0593965
0.0588025
0.0582145
0.0576324
0.057056
0.0564855
0.0559206
0.0553614
0.0548078
0.0542597
0.0537171
0.0531799
0.0526482
0.0521217
0.0516005
0.0510845
0.0505736
0.0500679
0.0495672
0.0490715
0.0485808
0.048095
0.047614
0.0471379
0.0466665
0.0461999
0.0457379
