0.0229558
0.0238262
0.023988
0.0249481
0.0255986
0.0265426
0.0277772
0.0297994
0.0305014
0.0316964
0.0326795
0.0336527
0.0338161
0.034578
0.0356322
0.0364759
0.0380111
0.039131
0.0397397
0.0405423
0.0419369
0.0427175
0.0441903
0.0450484
0.0459979
0.047038
0.0475676
0.0483919
0.049608
0.0500119
0.0506118
0.0521057
0.0529846
0.0536548
0.0546182
0.055472
0.0567173
0.0572501
0.0577777
0.0583999
0.0588159
0.0597277
0.0607304
0.0618231
0.0626049
0.0636789
0.0641421
0.0651006
0.0658496
0.0668911
0.0678222
0.068544
0.0696586
0.070462
0.0711574
0.0717458
0.0728283
0.0739001
0.074661
0.0753144
0.0766613
0.0781947
0.0799127
0.0806136
0.0823075
0.0834844
0.0845495
0.0861041
0.087943
0.0901636
0.0908619
0.0920533
0.0937328
0.0959955
0.0972355
0.0992631
0.100571
0.101865
0.103846
0.105308
0.106855
0.109486
0.111891
0.113672
0.115436
0.117081
0.11891
0.121121
0.12321
0.125278
0.127525
0.12985
0.132451
0.134927
0.138278
0.140295
0.143292
0.145259
0.147606
0.15033
0.153627
0.155791
0.157733
0.159756
0.162558
0.165232
0.16778
0.170502
0.172797
0.175469
0.178615
0.181328
0.184015
0.187275
0.189602
0.192906
0.194577
0.198031
0.200951
0.203642
0.206405
0.209741
0.212344
0.21522
0.218268
0.220985
0.223176
0.225444
0.227289
0.229416
0.231222
0.23471
0.237163
0.239891
0.241492
0.243178
0.245846
0.248887
0.250398
0.253594
0.256258
0.258696
0.260709
0.263202
0.26537
0.267716
0.270239
0.272537
0.274711
0.277064
0.279193
0.281101
0.28339
0.284657
0.28721
0.288438
0.290254
0.291251
0.293638
0.295702
0.297745
0.299968
0.301568
0.304052
0.306512
0.307547
0.309871
0.312372
0.314749
0.316701
0.318034
0.320054
0.321253
0.322941
0.325011
0.326161
0.3276
0.329524
0.331628
0.333412
0.334478
0.336333
0.33817
0.339588
0.340892
0.342783
0.343556
0.34562
0.346564
0.347898
0.348819
0.351231
0.353119
0.354188
0.356446
0.356881
0.358012
0.359232
0.36044
0.362736
0.363008
0.364378
0.365534
0.366779
0.368811
0.369923
0.371224
0.372012
0.371991
0.372872
0.374743
0.376796
0.378327
0.379344
0.380751
0.381643
0.383227
0.385195
0.385843
0.386684
0.388017
0.389337
0.390044
0.391243
0.391331
0.393018
0.393887
0.395449
0.395894
0.396835
0.397867
0.397588
0.398312
0.400229
0.401927
0.402208
0.403686
0.406049
0.406988
0.407118
0.407647
0.408171
0.409589
0.410993
0.411683
0.413066
0.415436
0.416181
0.417119
0.418148
0.418867
0.419278
0.419985
0.421285
0.422773
0.423545
0.424409
0.424765
0.425418
0.425763
0.427206
0.427934
0.428455
0.42887
0.429481
0.430686
0.43188
0.432161
0.432839
0.433511
0.433876
0.433937
0.433798
0.43456
0.434414
0.43577
0.435912
0.436153
0.437892
0.438613
0.439026
0.440236
0.441134
0.441123
0.441811
0.441693
0.441376
0.442863
0.443734
0.443997
0.445057
0.445906
0.446347
0.447384
0.447609
0.447034
0.447963
0.448684
0.448897
0.449508
0.445013
0.440562
0.436157
0.431795
0.427477
0.423203
0.418971
0.414781
0.410633
0.406527
0.402461
0.398437
0.394453
0.390508
0.386603
0.382737
0.378909
0.37512
0.371369
0.367655
0.363979
0.360339
0.356736
0.353168
0.349637
0.34614
0.342679
0.339252
0.33586
0.332501
0.329176
0.325884
0.322625
0.319399
0.316205
0.313043
0.309913
0.306814
0.303745
0.300708
0.297701
0.294724
0.291777
0.288859
0.28597
0.283111
0.28028
0.277477
0.274702
0.271955
0.269235
0.266543
0.263878
0.261239
0.258626
0.25604
0.25348
0.250945
0.248436
0.245951
0.243492
0.241057
0.238646
0.23626
0.233897
0.231558
0.229243
0.22695
0.224681
0.222434
0.220209
0.218007
0.215827
0.213669
0.211532
0.209417
0.207323
0.20525
0.203197
0.201165
0.199153
0.197162
0.19519
0.193238
0.191306
0.189393
0.187499
0.185624
0.183768
0.18193
0.180111
0.17831
0.176527
0.174761
0.173014
0.171284
0.169571
0.167875
0.166196
0.164534
0.162889
0.16126
0.159648
0.158051
0.156471
0.154906
0.153357
0.151823
0.150305
0.148802
0.147314
0.145841
0.144382
0.142939
0.141509
0.140094
0.138693
0.137306
0.135933
0.134574
0.133228
0.131896
0.130577
0.129271
0.127978
0.126699
0.125432
0.124177
0.122935
0.121706
0.120489
0.119284
0.118091
0.11691
0.115741
0.114584
0.113438
0.112304
0.111181
0.110069
0.108968
0.107878
0.1068
0.105732
0.104674
0.103628
0.102591
0.101565
0.10055
0.0995443
0.0985488
0.0975634
0.0965877
0.0956219
0.0946657
0.093719
0.0927818
0.091854
0.0909354
0.0900261
0.0891258
0.0882346
0.0873522
0.0864787
0.0856139
0.0847578
0.0839102
0.0830711
0.0822404
0.081418
0.0806038
0.0797977
0.0789998
0.0782098
0.0774277
0.0766534
0.0758869
0.075128
0.0743767
0.073633
0.0728966
0.0721677
0.071446
0.0707315
0.0700242
0.069324
0.0686307
0.0679444
0.067265
0.0665923
0.0659264
0.0652671
0.0646145
0.0639683
0.0633286
0.0626954
0.0620684
0.0614477
0.0608332
0.0602249
0.0596227
0.0590264
0.0584362
0.0578518
0.0572733
0.0567006
0.0561335
0.0555722
0.0550165
0.0544663
0.0539217
0.0533824
0.0528486
0.0523201
0.0517969
0.051279
0.0507662
0.0502585
0.0497559
0.0492584
0.0487658
0.0482781
0.0477953
0.0473174
0.0468442
0.0463758
0.045912
0.0454529
0.0449984
0.0445484
0.0441029
0.0436619
0.0432252
0.042793
0.0423651
0.0419414
0.041522
0.0411068
0.0406957
0.0402888
0.0398859
0.039487
0.0390921
0.0387012
0.0383142
0.0379311
0.0375518
0.0371762
0.0368045
0.0364364
0.0360721
0.0357114
0.0353542
0.0350007
0.0346507
0.0343042
0.0339611
0.0336215
0.0332853
0.0329525
0.0326229
0.0322967
0.0319737
0.031654
0.0313375
0.0310241
0.0307138
0.0304067
0.0301026
0.0298016
0.0295036
0.0292086
0.0289165
0.0286273
0.028341
0.0280576
0.027777
0.0274993
0.0272243
0.026952
0.0266825
0.0264157
0.0261515
0.02589
0.0256311
0.0253748
0.0251211
0.0248698
0.0246212
0.0243749
0.0241312
0.0238899
0.023651
0.0234145
0.0231803
0.0229485
0.022719
0.0224918
0.0222669
0.0220443
