492.49
321.79
355.93
251.34
413.01
387.93
283.16
310.81
404.56
334.53
430.52
273.77
295.44
406.95
502.15
318.86
394.2
451.2
408.65
280.62
363.04
388.33
338.88
379.75
395.49
502.3
529.31
354.38
599.1
533.17
621.92
532.11
610.98
740.7
737.05
858.43
796.14
789.46
904.01
886.61
833.39
926.9
935.63
817.81
956.87
961.82
1089.35
1041.06
1101.16
1184.71
1154.43
1149.44
1137.65
1111.81
1187.6
1208.79
1224.19
1306.01
1311.12
1198.73
1319.61
1337.75
1232.5
1282.49
1342.06
1310.56
1355.6
1306.51
1303.58
1319.76
1360.91
1312.84
1303.54
1328.24
1292.61
1335.98
1306.68
1273.69
1294.89
1286.57
1339.34
1349.03
1251.98
1309.28
1261.2
1299.71
1354.75
1369.22
1307.79
1293.55
1270.76
1291.36
1327.93
1309.55
1340.6
1331.79
1297.21
1293.1
1326.7
1342.36
1303.58
1314.18
1279.83
1332.11
1364.91
1349.05
1353.13
1306.64
1318.12
1293.71
1346.09
1318.41
1335.77
1347.38
1311.98
1307.7
1313.47
1351.06
1320.12
1372.46
1341.08
1328.4
1307.96
1333.09
1344.71
1325.2
1326.8
1303.36
1350.72
1267.11
1360.15
1314.77
1354.09
1300.45
1331.76
1314.62
1283.53
1296.97
1291.71
1312.47
1303.73
1345.9
1370.35
1323.99
1338.97
1372.87
1356.91
1327.08
1353.49
1298.17
1271.56
1348.96
1309.01
1319.58
1283.67
1299.89
1324.49
1356.54
1311.62
1328.51
1314.32
1297.7
1299.15
1295.95
1295.13
1358.46
1350.39
1303.2
1321.25
1303.86
1309.3
1281.6
1353.99
1331.51
1309.66
1332.4
1322.05
1311.77
1297.44
1316.88
1363.73
1277.41
1290.83
1289.47
1334.38
1333.43
1296.71
1316.74
1291.38
1313.64
1298.02
1264.39
1315.82
1345.6
1335.23
1301.51
1290.5
1342.85
1309.98
1315.37
1295.47
1309.83
1330.1
1319.71
1320.31
1332.8
1306.88
1356.09
1340.02
1320.26
1293.21
1297.54
1350.62
1289.26
1323.87
1343.07
1337.01
1342.93
1355.58
1304.49
1341.5
1325.15
1249.26
1330.79
1265.02
1311.57
1322.57
1300.32
1317.22
1324.9
1318.04
1335.84
1352.71
1340.81
1320.21
1286.24
1317.22
1320.32
1294.33
1357.86
1297.45
1256.13
1327.31
1281.36
1288.14
1300.65
1348.33
1351.51
1325.26
1345.17
1321.52
1288.93
1335.22
1294.29
1298.11
1309.42
1357.9
1311.66
1372.5
1335.25
1302.37
1283.63
1293.05
1270.86
1313.13
1361.48
1322.34
1326.46
1355.78
1329.25
1317.23
1291.33
1347.01
1313.93
1287.37
1360.4
1357.6
1285.3
1327.95
1326.03
1306.45
1375.25
1340.09
1328.97
1333.06
1303.73
1330.68
1293.33
1312.73
1324.55
1318.89
1290.16
1297.74
1305.8
1269.11
1290.86
1365.85
1308.49
1307.46
1257.13
1334.48
1338.11
1279.51
1335.66
1316.35
1319.85
1305.42
1361.52
1349.5
1378.25
1327.94
1392
1311.59
1388.17
1351.11
1353.91
1388.89
1398.22
1376.8
1360.5
1328.58
1316.17
1340.89
1371.55
1323.33
1361.53
1376.49
1398.97
1353.17
1389.94
1383.56
1382
1380.7
1420.15
1351.26
1389.11
1363.18
1401.79
1436.95
1378.35
1388.19
1456.79
1378.08
1399.56
1426.96
1365.77
1433.8
1455.56
1420.3
1449.29
1437.57
1406.25
1457.26
1394.33
1426.76
1435.77
1437.14
1446.8
1447.26
1471.42
1447.02
1436.76
1475.81
1445.03
1512.79
1538.78
1504.98
1516.03
1479.41
1471.36
1533.75
1444.81
1511.7
1455.94
1495.44
1537.94
1471.47
1543.81
1541
1538.91
1516.56
1546.84
1560.16
1561.01
1582.41
1498.43
1590.46
1526.46
1521.9
1570.15
1574.28
1562.41
1605.8
1651.23
1612.07
1641.78
1585.34
1659.22
1595.95
1601.25
1654.55
1629.08
1703.8
1622.97
1626.94
1652.39
1696.27
1641.35
1697.74
1632.23
1683.61
1658.83
1635.73
1697.41
1751.9
1739.71
1764.15
1723.15
1575.06
1645.74
1642.75
1448.42
1427.83
1382.05
1179.01
1098.03
1075.87
1132.01
904.88
722.63
727.05
688.35
575.85
344.85
594.26
478.75
510.96
435.63
443.89
341.94
416.37
507.03
194.26
260.52
454.15
321.31
304.31
260.5
363.12
351.29
527.8
430.78
299.32
317.29
195.28
346.66
241.7
271.98
443.05
252.74
361.03
407.37
426.71
498.57
393.11
400.12
276.26
563.73
328.34
328.01
284.49
303.82
305.93
408.6
397.92
429.87
329.94
341.61
317.74
287.32
465.45
307.76
407.8
291.93
331.38
261.64
415.97
421.51
326.38
339.41
402.38
335.45
328.55
234.92
386.91
421.12
438.59
399.49
296.83
331.75
368.68
261.27
276.06
306.47
446.66
301.91
403.31
282.87
410.88
417.91
363.87
264.49
393.13
362.37
333.23
269.02
371.15
417.38
542.4
361.66
340.1
310.93
425.4
293.79
228.15
350.43
361.82
427.84
404.34
316.86
416.04
441.73
231.94
443.55
480.61
280.97
439.96
432.5
437.18
389.53
312.05
413.56
331.09
232.85
224.2
550.48
267.84
502.99
430.84
254.39
438.56
236.29
304.83
514.06
344.27
370.49
355.14
286.37
273.23
418.51
478.43
503.61
410.66
379.41
428.56
200.45
380.68
361.1
400.03
338.76
472.91
311.93
290
465.13
468.49
276.19
377.16
382.4
330.89
291.44
570.13
283.67
298.44
303.06
358.52
337.91
236.53
491.1
340.45
335.59
477.49
370.66
531.09
390.34
422.43
319.24
378.27
309.15
317.6
260.59
