231.22
342.37
234.13
338.69
283.73
454.18
550.14
617.49
293.77
366.76
310.47
398.78
327.8
547.59
333.48
430.01
382.04
355.61
304.43
437.14
368.18
426.61
445.09
418.48
380.24
396.06
474.83
324.58
329.95
315.08
313.72
400.67
481.45
390.55
443.69
527.8
498.1
295.64
391.71
402.75
404.19
390.43
411.36
472.65
388.15
275.95
394.05
476.15
506.69
473.88
416.38
460.94
539.16
333.36
444.93
374.97
467.5
368.55
577.9
529.01
604.44
584.17
663.76
463.44
688.18
643.85
667.23
614.19
709.74
814.74
750.2
698.76
721.12
787.51
704.76
865
820.23
806.86
839.99
842.55
927.77
875.81
983.92
937.9
1003.99
925.28
946.32
1034.98
997.06
961.87
1009.14
1038.24
1147.64
1052.55
1097.91
1102.27
1122.92
1155.84
1160.15
1280.61
1173.81
1224.46
1172.1
1271.41
1185.15
1106.55
1307.67
1267.58
1161.41
1307.61
1302.98
1301.97
1223.36
1358.3
1283.02
1325.83
1324.47
1359.31
1282.36
1389.72
1370.93
1273.9
1355.19
1308.23
1255.36
1280.61
1317.19
1360.01
1347.86
1266.25
1336.89
1255.06
1292.4
1307.29
1324.1
1313.13
1342.5
1315.94
1310.87
1298.68
1332.72
1335.15
1263.45
1342.35
1309.14
1359.74
1385.2
1261.06
1328.57
1334.14
1295.43
1303.02
1344.29
1301.36
1288.98
1298.05
1334.72
1353.97
1350.68
1367.91
1331.31
1308.49
1306.96
1337.06
1306.18
1305.8
1259.09
1371.28
1335.29
1367.27
1359.06
1371.49
1307.17
1379.63
1348.76
1338.13
1364.97
1353.15
1309.87
1341.56
1359.36
1357.2
1361.05
1327.34
1296.51
1286.31
1304.16
1382.38
1346.68
1293.14
1300.7
1339
1295.96
1343.27
1292.52
1356.09
1330.2
1340.65
1309.68
1277.98
1322.02
1311.72
1365.22
1316.14
1365.46
1336.54
1405.47
1341.26
1373.85
1297
1341.22
1363.18
1332.84
1336.75
1280.25
1348.87
1372.59
1368.41
1362.39
1343.81
1293.86
1282.79
1343.19
1308.66
1297.93
1355.91
1348.6
1341.88
1331.32
1288.52
1321.88
1333.98
1354.77
1327.18
1315.48
1360.31
1288.1
1353.04
1295.32
1334.25
1307.6
1304.85
1309.94
1327.67
1357.49
1356.99
1307.27
1350.61
1335.56
1322.26
1352.14
1339.28
1329.44
1338.96
1337.13
1347.99
1325.02
1306.25
1351.37
1353.9
1324.99
1309.5
1353.24
1338.89
1326.59
1315.57
1337.53
1380.66
1301.94
1321.88
1332.7
1353.31
1292.62
1363.18
1339.78
1317.92
1330.08
1357.61
1316.59
1339.12
1344.35
1365.53
1289.2
1350.49
1326.14
1346.71
1351.47
1354.19
1337.78
1396.31
1336.09
1348.02
1338.9
1286.7
1354.14
1328.23
1362.84
1367.6
1319.23
1340.76
1328.6
1302.25
1345.67
1375.36
1298.53
1320.52
1310.89
1331.68
1328.03
1351.11
1297.88
1319.84
1307.78
1365.11
1377.82
1332.05
1370.67
1400.23
1353.1
1372.27
1299.44
1436.72
1385.3
1364.12
1367.22
1418.56
1392.8
1402.03
1396.28
1439.83
1379.43
1400.37
1393.43
1442.81
1420.85
1435.39
1389.4
1404.52
1457.57
1350.95
1405.21
1421.64
1386.92
1418.96
1449.26
1483.24
1447.96
1458.32
1442.05
1486.89
1378.63
1431.34
1442.91
1432.09
1500.04
1463.54
1454.08
1418.79
1490.57
1471.57
1537.93
1531.88
1489.1
1508.85
1491.16
1443.94
1461.75
1519.44
1524.46
1472.95
1428.91
1486.45
1535.41
1543.71
1555.42
1496.73
1528.13
1541.64
1527.41
1556.53
1589.37
1545.17
1513.93
1484.77
1586.16
1584.02
1567.7
1531.55
1557.85
1542.6
1582.92
1621.94
1518.39
1561.48
1581.22
1635.61
1563.84
1614.3
1568.42
1658.47
1642.07
1661.82
1623.16
1618.04
1592.54
1545.36
1640.47
1633.22
1717.08
1615.52
1567.71
1645.67
1732.64
1650.69
1672.94
1608.07
1728.49
1735.07
1682.07
1687.23
1754
1756.45
1669.26
1739.71
1658.24
1693.02
1662.64
1785.32
1672.3
1686.28
1652.65
1751.03
1610.08
1753.9
1581.49
1528.28
1568.36
1639.46
1422.02
1579.19
1493.64
1456.38
1334.31
1464.45
1317.02
1383.6
1311.32
1218.28
1076.71
1250.09
1281.23
1257.01
993.79
973.14
910.16
1208.28
995.05
903.65
889
974.83
951.44
656.71
767.87
794.08
782.52
915.41
865.65
787.72
757.61
739.77
741.02
716.92
768.97
654.27
592.23
691.16
650.46
652.96
722.15
702.19
412.27
560.12
545.43
477.02
540.83
456.97
605.74
504.56
583.99
488.99
797.63
434.89
522.53
565.85
623.56
523.52
446.76
560.86
442.45
415.43
395.8
473.17
308.34
470.88
341.17
513.19
317.22
287.53
469.58
416.5
498.08
530.72
398.79
418.92
541.78
503.96
370.19
388.55
536.38
354.06
254.35
335.83
321.93
508.83
385.26
447.14
309.36
386.11
360.59
419.66
471.88
352.8
302.34
374.93
436.53
446.27
460.26
355.34
405.23
325.63
206.35
267.55
259.89
500.49
376.96
395.14
424.64
209.9
326.13
373.12
443.55
371.83
363.42
347.66
375.93
388.97
297.81
399.4
373.03
547.79
322.98
460.57
483.51
358.07
405.29
316.94
404.62
412.21
290.25
318.01
366.02
497.34
366.5
527.03
338.53
368.2
192.72
313.97
453.76
364.24
289.2
437.2
289.32
370.98
349.22
470.79
303.35
311.3
414.87
273.45
476.6
273.04
492.74
395.06
339.18
510.03
417.12
316.21
365.62
430.92
