0.34
0.24
0.26
0.19
0.27
0.26
0.21
0.27
0.27
0.25
0.31
0.21
0.23
0.31
0.3
0.22
0.3
0.26
0.29
0.21
0.27
0.24
0.27
0.28
0.25
0.34
0.32
0.31
0.39
0.3
0.37
0.34
0.35
0.44
0.48
0.54
0.53
0.5
0.57
0.58
0.57
0.61
0.63
0.57
0.66
0.7
0.79
0.74
0.75
0.81
0.8
0.82
0.82
0.83
0.85
0.86
0.88
0.9
0.9
0.92
0.95
0.95
0.93
0.95
0.97
0.97
0.98
0.99
0.98
0.98
0.98
0.99
0.98
0.98
0.98
0.99
0.99
0.99
0.99
0.99
0.99
0.99
1
0.99
0.99
0.99
1
1
0.99
0.99
0.99
0.99
0.99
0.99
0.99
0.99
1
0.99
0.99
1
1
1
1
1
1
1
1
1
1
1
1
1
1
1
1
1
1
1
1
1
1
1
1
1
1
1
1
1
1
1
1
1
1
1
1
1
1
1
1
1
1
1
1
1
1
1
1
1
1
1
1
1
1
1
1
1
1
1
1
1
1
1
1
1
1
1
1
1
1
1
1
1
1
1
1
1
1
1
1
1
1
1
1
1
1
1
1
1
1
1
1
1
1
1
1
1
1
1
1
1
1
1
1
1
1
1
1
1
1
1
1
1
1
1
1
1
1
1
1
1
1
1
1
1
1
1
1
1
1
1
1
1
1
1
1
1
1
1
1
1
1
1
1
1
1
1
1
1
1
1
1
1
1
1
1
1
1
1
1
1
1
1
1
1
1
1
1
1
1
1
1
1
1
1
1
1
1
1
1
1
1
1
1
1
1
1
1
1
1
1
1
1
1
1
1
1
1
1
1
1
1
1
1
1
1
1
1
1
1
1
1
1
1
1
1
1
1
1
1
1
1
1
1
1
1
1
1
1
1
1
1
1
1
1
1
1
1
1
1
1
1
1
1
1
1
1
1
1
1
1
1
1
1
1
1
1
1
1
1
1
1
1
1
1
1
1
1
1
1
1
1
1
1
1
1
1
1
1
1
1
1
1
1
1
1
1
1
1
1
1
1
1
1
1
1
1
1
1
1
1
1
1
1
1
1
1
1
1
1
1
1
1
1
0.99
0.99
0.99
0.99
0.99
0.92
0.9
0.91
0.87
0.82
0.76
0.71
0.59
0.62
0.62
0.56
0.43
0.43
0.43
0.34
0.23
0.41
0.34
0.36
0.28
0.32
0.24
0.25
0.33
0.18
0.2
0.26
0.25
0.23
0.17
0.26
0.27
0.34
0.26
0.21
0.22
0.15
0.28
0.18
0.23
0.27
0.21
0.26
0.21
0.28
0.34
0.26
0.32
0.27
0.35
0.22
0.24
0.19
0.21
0.23
0.23
0.27
0.3
0.25
0.24
0.25
0.23
0.3
0.21
0.25
0.27
0.22
0.19
0.32
0.28
0.25
0.28
0.28
0.25
0.23
0.17
0.29
0.31
0.31
0.25
0.22
0.21
0.27
0.21
0.26
0.27
0.28
0.18
0.27
0.2
0.3
0.29
0.3
0.25
0.26
0.32
0.27
0.25
0.25
0.28
0.37
0.25
0.23
0.25
0.28
0.21
0.17
0.24
0.31
0.28
0.28
0.26
0.31
0.32
0.18
0.29
0.35
0.24
0.29
0.25
0.26
0.31
0.22
0.27
0.26
0.22
0.18
0.37
0.21
0.33
0.28
0.22
0.25
0.2
0.17
0.31
0.26
0.3
0.21
0.22
0.21
0.29
0.3
0.31
0.23
0.24
0.26
0.21
0.21
0.27
0.34
0.24
0.29
0.24
0.21
0.28
0.32
0.18
0.3
0.21
0.23
0.23
0.33
0.23
0.19
0.23
0.29
0.25
0.2
0.26
0.25
0.23
0.3
0.25
0.35
0.24
0.28
0.26
0.27
0.21
0.24
0.18
