0.0677214
0.0870442
0.0161738
0.096012
0.0650519
0.0944014
0.123457
0.202223
0.0702006
0.119499
0.0983036
0.0973205
0.0163473
0.0761839
0.105422
0.0843678
0.153524
0.111989
0.060869
0.0802603
0.139458
0.0780631
0.147283
0.0858097
0.0949516
0.104002
0.052962
0.0824324
0.121608
0.040392
0.0599881
0.149388
0.0878943
0.0670154
0.0963453
0.0853818
0.124528
0.0532827
0.0527499
0.0622224
0.0416001
0.0911841
0.100272
0.10927
0.0781768
0.107395
0.0463212
0.0958579
0.0748994
0.10415
0.0931089
0.0721778
0.111456
0.0803414
0.069538
0.0588426
0.108254
0.107172
0.0760999
0.065339
0.134686
0.153339
0.171805
0.0700873
0.169386
0.117692
0.106516
0.15545
0.183896
0.222057
0.0698364
0.119138
0.167947
0.226267
0.124005
0.202765
0.130737
0.129429
0.198135
0.146154
0.154692
0.263145
0.240514
0.178109
0.176328
0.164564
0.182919
0.22109
0.208879
0.20679
0.224722
0.232475
0.26015
0.247549
0.335073
0.201722
0.299705
0.196708
0.234741
0.272394
0.32967
0.216373
0.194209
0.202267
0.280244
0.267442
0.254768
0.27222
0.229498
0.267203
0.314531
0.271385
0.268672
0.325985
0.232725
0.330398
0.167094
0.345423
0.291969
0.269049
0.276358
0.333595
0.260259
0.287656
0.30478
0.271732
0.219015
0.226824
0.184556
0.212711
0.180584
0.348778
0.24529
0.272837
0.160109
0.168508
0.266822
0.304154
0.151113
0.319602
0.266406
0.243742
0.201304
0.249291
0.216798
0.23463
0.252284
0.229761
0.217463
0.235289
0.212936
0.190807
0.228898
0.126609
0.255343
0.12279
0.181562
0.0997465
0.238749
0.206362
0.204298
0.222255
0.160032
0.248432
0.245948
0.103488
0.232453
0.250129
0.237628
0.195251
0.133299
0.201966
0.119946
0.168747
0.207059
0.114989
0.143839
0.1924
0.210476
0.178372
0.106588
0.185522
0.183667
0.14183
0.130412
0.189108
0.0772166
0.206444
0.0943799
0.133436
0.0921018
0.241181
0.188769
0.106881
0.225812
0.0435543
0.113119
0.121988
0.120768
0.22956
0.0272645
0.136992
0.115622
0.124466
0.203221
0.111189
0.130077
0.0787761
-0.00201163
0.0880085
0.187128
0.205257
0.153205
0.101672
0.140656
0.0892492
0.158357
0.196773
0.0648054
0.0841574
0.133316
0.131983
0.0706628
0.119956
0.00875662
0.168669
0.0869824
0.156113
0.0445514
0.0941059
0.103165
-0.0278668
0.0724119
0.191688
0.169771
0.0280732
0.147792
0.236315
0.0939514
0.0130118
0.0528817
0.0523529
0.141829
0.140411
0.069007
0.138317
0.236934
0.0745644
0.0938188
0.102881
0.0718518
0.0411332
0.0707219
0.130015
0.148715
0.0772274
0.0864551
0.0355906
0.0652347
0.0345823
0.144237
0.0727941
0.0520662
0.0415455
0.0611301
0.120519
0.119314
0.0281205
0.0678392
0.0671608
0.0364892
0.00612435
-0.0139369
0.0762025
-0.0145595
0.135586
0.0142302
0.0240879
0.173847
0.0721085
0.0413875
0.120974
0.0897638
-0.0011338
0.0688775
-0.0118112
-0.0316931
0.148624
0.0871376
0.0262662
0.106004
0.0849435
0.0440941
0.103653
0.0226166
-0.0576096
0.0929665
0.0720369
0.0213165
0.0611033
-0.449508
-0.445013
-0.440562
-0.436157
-0.431795
-0.427477
-0.423203
-0.418971
-0.414781
-0.410633
-0.406527
-0.402461
-0.398437
-0.394453
-0.390508
-0.386603
-0.382737
-0.378909
-0.37512
-0.371369
-0.367655
-0.363979
-0.360339
-0.356736
-0.353168
-0.349637
-0.34614
-0.342679
-0.339252
-0.33586
-0.332501
-0.329176
-0.325884
-0.322625
-0.319399
-0.316205
-0.313043
-0.309913
-0.306814
-0.303745
-0.300708
-0.297701
-0.294724
-0.291777
-0.288859
-0.28597
-0.283111
-0.28028
-0.277477
-0.274702
-0.271955
-0.269235
-0.266543
-0.263878
-0.261239
-0.258626
-0.25604
-0.25348
-0.250945
-0.248436
-0.245951
-0.243492
-0.241057
-0.238646
-0.23626
-0.233897
-0.231558
-0.229243
-0.22695
-0.224681
-0.222434
-0.220209
-0.218007
-0.215827
-0.213669
-0.211532
-0.209417
-0.207323
-0.20525
-0.203197
-0.201165
-0.199153
-0.197162
-0.19519
-0.193238
-0.191306
-0.189393
-0.187499
-0.185624
-0.183768
-0.18193
-0.180111
-0.17831
-0.176527
-0.174761
-0.173014
-0.171284
-0.169571
-0.167875
-0.166196
-0.164534
-0.162889
-0.16126
-0.159648
-0.158051
-0.156471
-0.154906
-0.153357
-0.151823
-0.150305
-0.148802
-0.147314
-0.145841
-0.144382
-0.142939
-0.141509
-0.140094
-0.138693
-0.137306
-0.135933
-0.134574
-0.133228
-0.131896
-0.130577
-0.129271
-0.127978
-0.126699
-0.125432
-0.124177
-0.122935
-0.121706
-0.120489
-0.119284
-0.118091
-0.11691
-0.115741
-0.114584
-0.113438
-0.112304
-0.111181
-0.110069
-0.108968
-0.107878
-0.1068
-0.105732
-0.104674
-0.103628
-0.102591
-0.101565
-0.10055
-0.0995443
-0.0985488
-0.0975634
-0.0965877
-0.0956219
-0.0946657
-0.093719
-0.0927818
-0.091854
-0.0909354
-0.0900261
-0.0891258
-0.0882346
-0.0873522
-0.0864787
-0.0856139
-0.0847578
-0.0839102
-0.0830711
-0.0822404
-0.081418
-0.0806038
-0.0797977
-0.0789998
-0.0782098
-0.0774277
-0.0766534
-0.0758869
-0.075128
-0.0743767
-0.073633
-0.0728966
-0.0721677
-0.071446
-0.0707315
-0.0700242
-0.069324
-0.0686307
-0.0679444
-0.067265
-0.0665923
-0.0659264
-0.0652671
-0.0646145
-0.0639683
-0.0633286
-0.0626954
-0.0620684
-0.0614477
-0.0608332
-0.0602249
-0.0596227
-0.0590264
-0.0584362
-0.0578518
-0.0572733
-0.0567006
-0.0561335
-0.0555722
-0.0550165
-0.0544663
-0.0539217
-0.0533824
-0.0528486
-0.0523201
-0.0517969
-0.051279
-0.0507662
-0.0502585
-0.0497559
-0.0492584
-0.0487658
-0.0482781
-0.0477953
-0.0473174
-0.0468442
-0.0463758
-0.045912
-0.0454529
-0.0449984
-0.0445484
-0.0441029
-0.0436619
-0.0432252
-0.042793
-0.0423651
-0.0419414
-0.041522
-0.0411068
-0.0406957
-0.0402888
-0.0398859
-0.039487
-0.0390921
-0.0387012
-0.0383142
-0.0379311
-0.0375518
-0.0371762
-0.0368045
-0.0364364
-0.0360721
-0.0357114
-0.0353542
-0.0350007
-0.0346507
-0.0343042
-0.0339611
-0.0336215
-0.0332853
-0.0329525
-0.0326229
-0.0322967
-0.0319737
-0.031654
-0.0313375
-0.0310241
-0.0307138
-0.0304067
-0.0301026
-0.0298016
-0.0295036
-0.0292086
-0.0289165
-0.0286273
-0.028341
-0.0280576
-0.027777
-0.0274993
-0.0272243
-0.026952
-0.0266825
-0.0264157
-0.0261515
-0.02589
-0.0256311
-0.0253748
-0.0251211
-0.0248698
-0.0246212
-0.0243749
-0.0241312
-0.0238899
-0.023651
-0.0234145
-0.0231803
-0.0229485
-0.022719
-0.0224918
-0.0222669
