0.294715
0.191768
0.20985
0.137752
0.216374
0.204211
0.152168
0.210647
0.20854
0.186455
0.24459
0.142144
0.160723
0.239116
0.226725
0.144457
0.223013
0.180783
0.208975
0.126885
0.185616
0.15376
0.182223
0.1904
0.158496
0.246911
0.224442
0.212198
0.290076
0.197175
0.265203
0.232551
0.240226
0.327824
0.364545
0.4209
0.406691
0.372624
0.438898
0.444509
0.430064
0.465763
0.481105
0.416294
0.502131
0.53711
0.621739
0.565522
0.569866
0.624168
0.607926
0.621847
0.615628
0.619472
0.633277
0.636944
0.650575
0.664069
0.657429
0.670854
0.694146
0.687204
0.660332
0.673729
0.686992
0.680122
0.68332
0.686487
0.669622
0.662926
0.656297
0.659734
0.643137
0.636705
0.630338
0.634035
0.627695
0.621418
0.615203
0.609051
0.602961
0.596931
0.600962
0.584952
0.579103
0.573312
0.577579
0.571803
0.556085
0.550524
0.545019
0.539568
0.534173
0.528831
0.523543
0.518307
0.523124
0.507893
0.502814
0.507786
0.502708
0.497681
0.492704
0.487777
0.482899
0.47807
0.47329
0.468557
0.463871
0.459233
0.45464
0.450094
0.445593
0.441137
0.436725
0.432358
0.428035
0.423754
0.419517
0.415322
0.411168
0.407057
0.402986
0.398956
0.394967
0.391017
0.387107
0.383236
0.379403
0.375609
0.371853
0.368135
0.364453
0.360809
0.357201
0.353629
0.350092
0.346592
0.343126
0.339694
0.336298
0.332935
0.329605
0.326309
0.323046
0.319816
0.316618
0.313451
0.310317
0.307214
0.304141
0.3011
0.298089
0.295108
0.292157
0.289235
0.286343
0.28348
0.280645
0.277838
0.27506
0.272309
0.269586
0.266891
0.264222
0.261579
0.258964
0.256374
0.25381
0.251272
0.248759
0.246272
0.243809
0.241371
0.238957
0.236568
0.234202
0.23186
0.229541
0.227246
0.224974
0.222724
0.220497
0.218292
0.216109
0.213948
0.211808
0.20969
0.207593
0.205517
0.203462
0.201427
0.199413
0.197419
0.195445
0.19349
0.191555
0.18964
0.187744
0.185866
0.184007
0.182167
0.180346
0.178542
0.176757
0.174989
0.173239
0.171507
0.169792
0.168094
0.166413
0.164749
0.163101
0.16147
0.159856
0.158257
0.156675
0.155108
0.153557
0.152021
0.150501
0.148996
0.147506
0.146031
0.144571
0.143125
0.141694
0.140277
0.138874
0.137485
0.13611
0.134749
0.133402
0.132068
0.130747
0.12944
0.128145
0.126864
0.125595
0.124339
0.123096
0.121865
0.120646
0.11944
0.118245
0.117063
0.115892
0.114733
0.113586
0.11245
0.111326
0.110212
0.10911
0.108019
0.106939
0.10587
0.104811
0.103763
0.102725
0.101698
0.100681
0.099674
0.0986773
0.0976905
0.0967137
0.0957465
0.0947891
0.0938412
0.0929028
0.0919737
0.091054
0.0901435
0.089242
0.0883496
0.0874661
0.0865915
0.0857255
0.0848683
0.0840196
0.0831794
0.0823476
0.0815241
0.0807089
0.0799018
0.0791028
0.0783117
0.0775286
0.0767533
0.0759858
0.0752259
0.0744737
0.0737289
0.0729917
0.0722618
0.0715391
0.0708237
0.0701155
0.0694144
0.0687202
0.068033
-0.932647
-0.923321
-0.914088
-0.904947
-0.895897
-0.886938
-0.878069
-0.869288
-0.860595
-0.851989
-0.84347
-0.835035
-0.826684
-0.818418
-0.810233
-0.802131
-0.79411
-0.786169
-0.778307
-0.770524
-0.762819
-0.755191
-0.747638
-0.740162
-0.732761
-0.725433
-0.718179
-0.710997
-0.703887
-0.696848
-0.68988
-0.682981
-0.676151
-0.669389
-0.662696
-0.656069
-0.649508
-0.643013
-0.636583
-0.630217
-0.623915
-0.617675
-0.611499
-0.605384
-0.59933
-0.593337
-0.587403
-0.581529
-0.575714
-0.569957
-0.564257
-0.558615
-0.553029
-0.547498
-0.542023
-0.536603
-0.531237
-0.525925
-0.520665
-0.515459
-0.510304
-0.505201
-0.500149
-0.495148
-0.490196
-0.485294
-0.480441
-0.475637
-0.470881
-0.466172
-0.46151
-0.456895
-0.452326
-0.447803
-0.443325
-0.438891
-0.434502
-0.430158
-0.425856
-0.421597
-0.417381
-0.413208
-0.409075
-0.404985
-0.400935
-0.396925
-0.392956
-0.389027
-0.385136
-0.381285
-0.377472
-0.373697
-0.369961
-0.366261
-0.362598
-0.358972
-0.355383
-0.351829
-0.348311
-0.344827
-0.341379
-0.337965
-0.334586
-0.33124
-0.327927
-0.324648
-0.321402
-0.318188
-0.315006
-0.311856
-0.308737
-0.30565
-0.302593
-0.299567
-0.296572
-0.293606
-0.29067
-0.287763
-0.284886
-0.282037
-0.279216
-0.276424
-0.27366
-0.270923
-0.268214
-0.265532
-0.262877
-0.260248
-0.257645
-0.255069
-0.252518
-0.249993
-0.247493
-0.245018
-0.242568
-0.240142
-0.237741
-0.235364
-0.23301
-0.23068
-0.228373
-0.226089
-0.223828
-0.22159
-0.219374
-0.21718
-0.215009
-0.212858
-0.21073
-0.208623
-0.206536
-0.204471
-0.202426
-0.200402
-0.198398
-0.196414
-0.19445
-0.192505
-0.19058
-0.188675
-0.186788
-0.18492
-0.183071
-0.18124
-0.179428
-0.177633
-0.175857
-0.174098
-0.172357
-0.170634
-0.168928
-0.167238
-0.165566
-0.16391
-0.162271
-0.160648
-0.159042
-0.157452
-0.155877
-0.154318
-0.152775
-0.151247
-0.149735
-0.148238
-0.146755
-0.145288
-0.143835
-0.142396
-0.140972
-0.139563
-0.138167
-0.136785
-0.135418
-0.134063
-0.132723
-0.131395
-0.130082
-0.128781
-0.127493
-0.126218
-0.124956
-0.123706
-0.122469
-0.121244
-0.120032
-0.118832
-0.117643
-0.116467
-0.115302
-0.114149
-0.113008
-0.111878
-0.110759
-0.109651
-0.108555
-0.107469
-0.106395
-0.105331
-0.104277
-0.103235
-0.102202
-0.10118
-0.100168
-0.0991667
-0.098175
-0.0971933
-0.0962214
-0.0952591
-0.0943065
-0.0933635
-0.0924298
-0.0915056
-0.0905905
-0.0896846
-0.0887877
-0.0878999
-0.0870209
-0.0861507
-0.0852891
-0.0844363
-0.0835919
-0.082756
-0.0819284
-0.0811091
-0.080298
-0.0794951
-0.0787001
-0.0779131
-0.077134
-0.0763626
-0.075599
-0.074843
-0.0740946
-0.0733536
-0.0726201
-0.0718939
-0.071175
-0.0704632
-0.0697586
-0.069061
-0.0683704
-0.0676867
-0.0670098
-0.0663397
-0.0656763
-0.0650195
-0.0643694
-0.0637257
-0.0630884
-0.0624575
-0.061833
-0.0612146
-0.0606025
-0.0599964
-0.0593965
-0.0588025
-0.0582145
-0.0576324
-0.057056
-0.0564855
-0.0559206
-0.0553614
-0.0548078
-0.0542597
-0.0537171
-0.0531799
-0.0526482
-0.0521217
-0.0516005
-0.0510845
-0.0505736
-0.0500679
-0.0495672
-0.0490715
-0.0485808
-0.048095
-0.047614
-0.0471379
-0.0466665
-0.0461999
