0.2
0.2
0.2
0.200008
0.200016
0.200056
0.200094
0.200163
0.200238
0.20044
0.200813
0.201134
0.201585
0.202071
0.202811
0.203778
0.20477
0.205882
0.207229
0.208547
0.210186
0.212206
0.214598
0.217121
0.21973
0.223223
0.227275
0.231426
0.236842
0.24221
0.24872
0.256558
0.265024
0.275629
0.288179
0.302702
0.318326
0.335121
0.354216
0.374344
0.395221
0.417138
0.439705
0.461703
0.484347
0.506986
0.530227
0.552258
0.57421
0.595988
0.617498
0.638808
0.659571
0.679689
0.699576
0.718599
0.737045
0.754882
0.771672
0.78777
0.803371
0.818199
0.831823
0.84512
0.858146
0.870627
0.882807
0.894571
0.905542
0.915836
0.925382
0.934206
0.942119
0.94925
0.955537
0.961158
0.966018
0.970177
0.973714
0.976695
0.979219
0.981374
0.983294
0.984868
0.986213
0.987356
0.988415
0.989351
0.989999
0.990529
0.990947
0.991278
0.991539
0.991742
0.991901
0.992024
0.992293
0.992367
0.992423
0.992684
0.992991
0.993343
0.993754
0.994236
0.994776
0.995353
0.995944
0.996535
0.997094
0.99762
0.99808
0.998467
0.998794
0.999057
0.999268
0.999435
0.999565
0.999666
0.999743
0.999803
0.999848
0.999883
0.99991
0.99993
0.999946
0.999958
0.999967
0.999974
0.99998
0.999984
0.999988
0.99999
0.999992
0.999994
0.999995
0.999996
0.999997
0.999997
0.999998
0.999998
0.999999
0.999999
0.999999
0.999999
0.999999
0.999999
1
1
1
1
1
1
1
1
1
1
1
1
1
1
1
1
1
1
1
1
1
1
1
1
1
1
1
1
1
1
1
1
1
1
1
1
1
1
1
1
1
1
1
1
1
1
1
1
1
1
1
1
1
1
1
1
1
1
1
1
1
1
1
1
1
1
1
1
1
1
1
1
1
1
1
1
1
1
1
1
1
1
1
1
1
1
1
1
1
1
1
1
1
1
1
1
1
1
1
1
1
1
1
1
1
1
1
1
1
1
1
1
1
1
1
1
1
1
1
1
1
1
1
1
1
1
1
1
1
1
1
1
1
1
1
1
1
1
1
1
1
1
1
1
1
1
1
1
1
1
1
1
1
1
0.989882
0.980056
0.970498
0.961204
0.952157
0.943342
0.934748
0.926373
0.918208
0.91024
0.90246
0.894875
0.887465
0.880235
0.873173
0.866263
0.859517
0.852929
0.846487
0.84019
0.834028
0.828005
0.82211
0.816345
0.810696
0.805177
0.799761
0.794463
0.789274
0.7842
0.779222
0.774349
0.769571
0.764896
0.760317
0.755826
0.751424
0.747113
0.742885
0.738736
0.734667
0.730678
0.726769
0.722938
0.719169
0.715476
0.711863
0.708315
0.704844
0.701431
0.698084
0.694799
0.691577
0.688416
0.685314
0.68227
0.679286
0.676362
0.673488
0.670664
0.667896
0.665175
0.662509
0.659891
0.657318
0.654801
0.652329
0.649902
0.647523
0.645193
0.642903
0.64066
0.638458
0.636298
0.634175
0.632098
0.63006
0.628063
0.626101
0.624183
0.622297
0.62045
0.618643
0.61687
0.615138
0.613435
0.611774
0.610148
0.608553
0.606993
0.605462
0.603969
0.602506
0.601072
0.599669
0.598299
0.596957
0.595647
0.594365
0.593115
0.591893
0.590696
0.589527
0.588387
0.587267
0.586178
0.585121
0.584091
0.583075
0.582083
0.581119
0.580177
0.579261
0.57837
0.5775
0.57665
0.575822
0.575013
0.574228
0.573462
0.572714
0.571989
0.571284
0.570594
0.569925
0.56927
0.568635
0.568022
0.567427
0.566847
0.566285
0.565738
0.565211
0.564705
0.56422
0.563757
0.563312
0.562886
0.562475
0.562083
0.561705
0.561339
0.560991
0.56066
0.560343
0.560041
0.559751
0.559474
0.559209
0.558955
0.558714
0.558483
0.558264
0.558056
0.557857
0.557669
0.557486
0.557316
0.557153
0.556996
0.556851
0.556712
0.556582
0.556456
0.556339
0.556226
0.556122
0.556024
0.555933
0.555846
0.555765
0.555687
0.555616
0.55555
0.555487
0.555428
0.555373
0.555323
0.555277
0.555234
0.555195
0.555158
0.555125
0.555095
0.555068
0.555043
0.555022
0.555002
0.554985
0.554969
0.554955
0.554943
0.554933
0.554924
0.554916
0.55491
0.554905
0.554901
0.554897
0.554894
0.554893
0.554892
0.554891
0.554891
0.554891
0.554891
0.554891
0.554891
0.554891
0.554891
0.554891
0.554891
0.554891
0.554891
0.554891
0.554891
0.554891
0.554891
0.554891
0.554891
0.554891
0.554891
0.554891
0.554891
0.554891
0.554891
0.554891
0.554891
0.554891
0.554891
0.554891
0.554891
0.554891
0.554891
0.554891
0.554891
0.554891
0.554891
0.554891
0.554891
0.554891
0.554891
0.554891
0.554891
0.554891
0.554891
0.554891
0.554891
0.554891
0.554891
0.554891
0.554891
0.554891
0.554891
0.554891
0.554891
0.554891
0.554891
0.554891
0.554891
0.554891
0.554891
0.554891
0.554891
0.554891
0.554891
0.554891
0.554891
0.554891
0.554891
0.554891
0.554891
0.554891
0.554891
0.554891
0.554891
0.554891
0.554891
0.554891
0.554891
0.554891
0.554891
0.554891
0.554891
0.554891
0.554891
0.554891
0.554891
0.554891
0.554891
0.554891
0.554891
0.554891
0.554891
0.554891
0.554891
0.554891
0.554891
0.554891
0.554891
