0.2
0.2
0.2
0.2
0.2
0.2
0.2
0.20001
0.20001
0.200038
0.200048
0.200088
0.200088
0.200097
0.20013
0.200232
0.200319
0.200404
0.200523
0.200609
0.200828
0.200953
0.201186
0.201423
0.201568
0.201781
0.201999
0.202228
0.202753
0.202897
0.203232
0.203906
0.204299
0.204783
0.20537
0.205854
0.206594
0.206989
0.207687
0.208183
0.208498
0.209516
0.210214
0.211118
0.212262
0.213368
0.214643
0.215768
0.216751
0.218682
0.220972
0.22296
0.225418
0.22761
0.228757
0.230924
0.233512
0.236881
0.239958
0.242301
0.245326
0.250427
0.25539
0.258907
0.264639
0.268981
0.274382
0.282124
0.290154
0.298414
0.303058
0.309443
0.317478
0.327761
0.333474
0.342845
0.349352
0.356289
0.365256
0.373465
0.38194
0.393493
0.405061
0.415594
0.425527
0.434157
0.44477
0.455702
0.465631
0.475786
0.486589
0.498787
0.510518
0.522562
0.536391
0.54669
0.5596
0.568603
0.580255
0.591515
0.605696
0.614724
0.622924
0.632233
0.643055
0.654876
0.664343
0.674356
0.683478
0.695107
0.707099
0.718542
0.7285
0.741885
0.749432
0.760819
0.765574
0.776613
0.786542
0.794551
0.803737
0.814165
0.822716
0.831534
0.841307
0.848128
0.855119
0.860743
0.865459
0.869533
0.873571
0.88142
0.886271
0.892355
0.894206
0.895927
0.899839
0.905057
0.905824
0.910342
0.913747
0.915826
0.916963
0.919543
0.921143
0.922575
0.925642
0.928183
0.929351
0.931429
0.932547
0.933531
0.935398
0.935211
0.936709
0.936236
0.936506
0.936052
0.937155
0.937992
0.939234
0.940372
0.940491
0.942945
0.944674
0.943387
0.944757
0.946365
0.948204
0.949123
0.949327
0.949878
0.949308
0.949493
0.950242
0.949155
0.948739
0.949902
0.951185
0.9521
0.950992
0.951547
0.952378
0.952406
0.952461
0.952929
0.951837
0.952544
0.951245
0.951204
0.950634
0.952711
0.953386
0.952435
0.954053
0.952146
0.951581
0.951859
0.951666
0.953561
0.951293
0.951583
0.951305
0.951245
0.952846
0.952447
0.952431
0.95116
0.948989
0.948451
0.949705
0.951528
0.951972
0.951882
0.952285
0.951609
0.95229
0.953596
0.952651
0.952135
0.952194
0.952232
0.951231
0.95151
0.950006
0.951075
0.950522
0.951452
0.95019
0.950181
0.950211
0.947978
0.947648
0.949443
0.950714
0.949477
0.950683
0.952845
0.952711
0.950764
0.950121
0.949546
0.950199
0.951075
0.950875
0.951521
0.953927
0.953536
0.953418
0.953199
0.952818
0.951696
0.951188
0.951717
0.952816
0.95247
0.952049
0.951142
0.950776
0.949885
0.950948
0.9507
0.950065
0.949177
0.948911
0.949501
0.950389
0.949288
0.94906
0.948702
0.948292
0.947055
0.945759
0.945917
0.944757
0.946185
0.945164
0.944761
0.946927
0.947234
0.946892
0.947908
0.948358
0.946979
0.946863
0.945818
0.944327
0.946017
0.946507
0.945903
0.946767
0.947191
0.946928
0.947774
0.947327
0.945256
0.945848
0.946124
0.945615
0.945745
0.937181
0.928829
0.920687
0.912741
0.904991
0.897426
0.890037
0.882815
0.875764
0.868879
0.862152
0.855576
0.849154
0.842875
0.836723
0.830705
0.82482
0.819067
0.813433
0.80792
0.80252
0.797232
0.792055
0.786981
0.782011
0.777146
0.772384
0.767713
0.763137
0.758656
0.75426
0.749951
0.745727
0.741583
0.737526
0.733549
0.729651
0.725832
0.722084
0.71841
0.714806
0.711278
0.707816
0.70442
0.701095
0.697836
0.694641
0.691505
0.688434
0.685416
0.682466
0.679579
0.676745
0.67397
0.671251
0.668594
0.665995
0.663448
0.660959
0.658526
0.656146
0.65383
0.65157
0.649361
0.647209
0.645114
0.643074
0.641083
0.639147
0.637264
0.635432
0.633651
0.631915
0.630227
0.628581
0.626979
0.625418
0.623901
0.622428
0.62099
0.619593
0.618232
0.616907
0.61562
0.614363
0.61314
0.611944
0.610786
0.609657
0.608558
0.607486
0.606442
0.605422
0.60443
0.603463
0.602521
0.601605
0.600709
0.599836
0.598988
0.598158
0.597352
0.596564
0.595794
0.595045
0.594315
0.593601
0.592905
0.592227
0.591566
0.590916
0.590286
0.58967
0.589067
0.588478
0.587905
0.587346
0.586798
0.586264
0.585741
0.585231
0.584734
0.584249
0.583775
0.583311
0.582859
0.582413
0.58198
0.581558
0.581143
0.580738
0.580343
0.579957
0.579579
0.579209
0.578848
0.578494
0.578147
0.577809
0.577476
0.577153
0.576836
0.576526
0.576223
0.575926
0.575635
0.575351
0.575073
0.574801
0.574534
0.574273
0.574016
0.573766
0.573521
0.573282
0.573047
0.572818
0.572593
0.572372
0.572156
0.571945
0.571737
0.571533
0.571334
0.571139
0.570949
0.570761
0.570578
0.570399
0.570223
0.57005
0.56988
0.569713
0.56955
0.56939
0.569234
0.569081
0.568931
0.568783
0.568639
0.568497
0.568359
0.568224
0.568091
0.567961
0.567831
0.567705
0.567581
0.56746
0.567341
0.567224
0.56711
0.566998
0.566888
0.56678
0.566674
0.56657
0.566467
0.566368
0.56627
0.566174
0.56608
0.565987
0.565896
0.565807
0.565719
0.565634
0.565549
0.565466
0.565385
0.565305
0.565227
0.565149
0.565074
0.565
0.564927
0.564855
0.564785
0.564716
0.564648
0.564581
0.564516
0.564452
0.564389
0.564326
0.564266
0.564206
0.564147
0.564089
0.564032
0.563976
0.563921
0.563867
0.563813
0.563761
0.56371
0.56366
0.563611
0.563563
0.563515
0.563469
0.563422
0.563377
0.563332
0.563288
0.563246
0.563203
0.563162
0.56312
0.56308
0.56304
0.563001
0.562963
0.562925
0.562888
0.562852
0.562816
0.562781
0.562746
0.562713
0.562679
0.562646
0.562614
0.562582
0.56255
0.56252
0.562489
0.56246
0.56243
0.562401
0.562372
0.562344
0.562317
0.56229
0.562263
0.562237
0.56221
0.562185
0.56216
0.562135
0.562111
0.562087
0.562063
0.56204
0.562017
0.561994
0.561972
0.561951
0.561929
0.561908
0.561887
0.561867
0.561846
0.561826
0.561807
0.561788
0.561768
0.56175
0.561732
0.561713
