0.232996
0.271045
0.28548
0.320491
0.351133
0.38321
0.42027
0.481979
0.509461
0.5362
0.554092
0.572519
0.580102
0.598898
0.61715
0.630026
0.652114
0.670734
0.676576
0.692395
0.711543
0.719556
0.735687
0.74339
0.752632
0.761354
0.77007
0.780641
0.788203
0.79231
0.796694
0.80461
0.812355
0.815765
0.82048
0.82564
0.835691
0.840216
0.842021
0.845456
0.848184
0.851235
0.856286
0.860287
0.864114
0.869379
0.871564
0.879177
0.882791
0.885438
0.887962
0.890465
0.893742
0.895549
0.897632
0.899187
0.902223
0.904099
0.905263
0.906788
0.909249
0.911601
0.914682
0.915325
0.917886
0.919009
0.920034
0.921055
0.923172
0.926819
0.926812
0.927726
0.929615
0.931527
0.932878
0.934282
0.935053
0.935789
0.937157
0.937707
0.938425
0.940824
0.942663
0.943028
0.94352
0.943788
0.94424
0.945357
0.946162
0.947106
0.94813
0.948871
0.950527
0.951226
0.953221
0.953543
0.954609
0.955108
0.955266
0.956596
0.958059
0.958376
0.958176
0.958161
0.959279
0.959664
0.960285
0.961161
0.961533
0.962413
0.963755
0.964465
0.964903
0.965585
0.96574
0.966629
0.966031
0.967159
0.967583
0.967897
0.96819
0.968789
0.968633
0.968826
0.969118
0.96898
0.968437
0.967903
0.96694
0.966276
0.965273
0.966875
0.96671
0.966828
0.965829
0.965048
0.965408
0.966348
0.965117
0.965964
0.966243
0.966507
0.966284
0.966112
0.965942
0.966083
0.96619
0.966251
0.966208
0.966429
0.966181
0.965826
0.965741
0.964538
0.964882
0.963783
0.963615
0.962437
0.962817
0.963196
0.963504
0.963628
0.963262
0.963997
0.964496
0.963119
0.963486
0.963881
0.964502
0.964676
0.964032
0.964058
0.963102
0.962768
0.96318
0.962285
0.961783
0.962293
0.96254
0.962751
0.961847
0.961971
0.962187
0.961648
0.961286
0.961493
0.960642
0.960976
0.960011
0.959708
0.959066
0.960262
0.96067
0.959798
0.960918
0.959493
0.959016
0.959187
0.958907
0.960194
0.958502
0.95867
0.958411
0.958326
0.959373
0.958996
0.958969
0.957977
0.956482
0.955953
0.956772
0.95805
0.958344
0.958344
0.958598
0.958052
0.958558
0.959457
0.958811
0.958469
0.958408
0.958375
0.957579
0.957823
0.956828
0.957546
0.957118
0.957781
0.95686
0.956892
0.956864
0.955264
0.954981
0.956224
0.957096
0.956195
0.957079
0.958548
0.958511
0.957092
0.95669
0.956276
0.956707
0.957325
0.957245
0.957653
0.959379
0.959171
0.959119
0.958958
0.958744
0.957948
0.957582
0.957908
0.958713
0.958478
0.958156
0.957557
0.957276
0.956607
0.957345
0.957146
0.956691
0.956
0.955808
0.956148
0.956843
0.956014
0.955827
0.955526
0.955266
0.954346
0.953403
0.953465
0.952629
0.953592
0.952803
0.952546
0.954052
0.954258
0.953999
0.954689
0.955018
0.953957
0.953812
0.95312
0.952044
0.95317
0.953533
0.953083
0.953666
0.953972
0.953805
0.954426
0.954155
0.952635
0.95296
0.953124
0.952774
0.952833
0.946659
0.94047
0.934269
0.928056
0.921831
0.915601
0.909367
0.903127
0.89688
0.890632
0.884381
0.87813
0.871878
0.865625
0.859377
0.853132
0.846891
0.840655
0.834423
0.828196
0.821977
0.815762
0.809556
0.80336
0.797173
0.790994
0.784825
0.778669
0.772523
0.766388
0.760269
0.754161
0.748068
0.741989
0.735926
0.729879
0.723847
0.717832
0.711839
0.705866
0.699913
0.693985
0.68808
0.6822
0.676342
0.67051
0.664703
0.658926
0.653176
0.647452
0.641756
0.63609
0.630457
0.624857
0.619293
0.613766
0.608279
0.602835
0.597434
0.592083
0.586782
0.581535
0.576341
0.571204
0.566127
0.561109
0.556154
0.551261
0.546434
0.54167
0.53697
0.532336
0.527769
0.523266
0.518824
0.51445
0.510138
0.505886
0.501694
0.497565
0.493494
0.489483
0.485529
0.481634
0.477793
0.47401
0.470282
0.466608
0.462987
0.459416
0.455897
0.45243
0.449013
0.445645
0.442327
0.439056
0.435831
0.432654
0.429524
0.426436
0.423393
0.420394
0.417437
0.414524
0.411652
0.408821
0.406032
0.403282
0.40057
0.397898
0.395265
0.392669
0.390111
0.387589
0.385102
0.382651
0.380234
0.377854
0.375505
0.373193
0.370911
0.368661
0.366443
0.364256
0.362101
0.359975
0.357881
0.355816
0.353779
0.351771
0.349792
0.34784
0.345915
0.344017
0.342146
0.340301
0.338481
0.336687
0.334917
0.333173
0.331452
0.329754
0.328081
0.32643
0.324801
0.323196
0.321612
0.320049
0.318508
0.316987
0.315488
0.314009
0.31255
0.31111
0.309689
0.308288
0.306906
0.305542
0.304196
0.302868
0.301558
0.300266
0.298991
0.297732
0.29649
0.295264
0.294055
0.292862
0.291684
0.290522
0.289374
0.288243
0.287125
0.286023
0.284934
0.28386
0.282799
0.281752
0.280719
0.279699
0.278692
0.277698
0.276716
0.275747
0.27479
0.273847
0.272914
0.271994
0.271085
0.270188
0.269302
0.268427
0.267563
0.26671
0.265868
0.265036
0.264215
0.263404
0.262603
0.261811
0.26103
0.260258
0.259496
0.258743
0.258
0.257265
0.25654
0.255823
0.255116
0.254417
0.253726
0.253043
0.25237
0.251704
0.251046
0.250397
0.249755
0.249122
0.248495
0.247877
0.247265
0.246661
0.246064
0.245475
0.244892
0.244316
0.243748
0.243186
0.24263
0.242081
0.241539
0.241003
0.240474
0.239951
0.239433
0.238922
0.238417
0.237918
0.237425
0.236937
0.236455
0.235979
0.235508
0.235043
0.234584
0.234129
0.23368
0.233236
0.232797
0.232363
0.231934
0.231511
0.231092
0.230677
0.230268
0.229863
0.229463
0.229068
0.228677
0.22829
0.227908
0.22753
0.227156
0.226787
0.226422
0.226061
0.225704
0.225351
0.225002
0.224658
0.224317
0.22398
0.223646
0.223316
0.222991
0.222668
0.22235
0.222035
0.221723
0.221415
0.22111
0.220809
0.220511
0.220216
0.219925
0.219637
0.219352
0.21907
0.218792
0.218516
0.218244
0.217974
0.217708
0.217444
0.217183
0.216926
0.216671
0.216418
0.216169
0.215922
