0.321909
0.392805
0.455041
0.483836
0.534559
0.584563
0.616956
0.651377
0.680308
0.707286
0.735524
0.751101
0.765148
0.781459
0.799526
0.806419
0.821551
0.833761
0.847124
0.852596
0.862345
0.867583
0.875689
0.882879
0.887466
0.894089
0.89861
0.903721
0.909423
0.912475
0.917366
0.919121
0.921868
0.925437
0.928894
0.933533
0.937205
0.940212
0.943777
0.946761
0.949171
0.952075
0.954717
0.955306
0.957527
0.959997
0.963776
0.966139
0.967776
0.970662
0.972498
0.974208
0.975883
0.97777
0.979389
0.981191
0.98299
0.984638
0.98592
0.987282
0.989042
0.990304
0.991117
0.992142
0.99321
0.994055
0.994851
0.995609
0.996092
0.99647
0.996766
0.997293
0.99747
0.997606
0.99771
0.997942
0.998122
0.998262
0.998372
0.998457
0.998523
0.998574
0.998883
0.998909
0.998928
0.99894
0.999168
0.999341
0.999335
0.999326
0.999315
0.999303
0.999289
0.999273
0.999257
0.99924
0.999405
0.999384
0.999363
0.999498
0.999602
0.999682
0.999744
0.999794
0.999833
0.999864
0.999888
0.999908
0.999925
0.999938
0.999948
0.999957
0.999964
0.99997
0.999975
0.999979
0.999982
0.999986
0.999988
0.99999
0.999991
0.999992
0.999994
0.999995
0.999995
0.999996
0.999997
0.999997
0.999998
0.999998
0.999998
0.999998
0.999999
0.999999
0.999999
0.999999
0.999999
0.999999
0.999999
1
1
1
1
1
1
1
1
1
1
1
1
1
1
1
1
1
1
1
1
1
1
1
1
1
1
1
1
1
1
1
1
1
1
1
1
1
1
1
1
1
1
1
1
1
1
1
1
1
1
1
1
1
1
1
1
1
1
1
1
1
1
1
1
1
1
1
1
1
1
1
1
1
1
1
1
1
1
1
1
1
1
1
1
1
1
1
1
1
1
1
1
1
1
1
1
1
1
1
1
1
1
1
1
1
1
1
1
1
1
1
1
1
1
1
1
1
1
1
1
1
1
1
1
1
1
1
1
1
1
1
1
1
1
1
1
1
1
1
1
1
1
1
1
1
1
1
1
1
1
1
1
1
1
1
1
1
1
1
1
1
0.994021
0.988013
0.981965
0.975875
0.969756
0.963626
0.957477
0.951302
0.945112
0.938908
0.9327
0.926482
0.920254
0.914013
0.907768
0.901524
0.895275
0.889021
0.882764
0.876505
0.870252
0.863999
0.85775
0.851499
0.845253
0.83901
0.832776
0.826549
0.820328
0.814112
0.807905
0.801707
0.795518
0.789337
0.783167
0.777008
0.770862
0.764728
0.758606
0.752503
0.746411
0.740333
0.734271
0.728225
0.722196
0.716185
0.710188
0.704211
0.698248
0.692305
0.686384
0.680482
0.674602
0.66874
0.662901
0.657081
0.651282
0.645505
0.63975
0.63402
0.62831
0.622623
0.616962
0.611325
0.605711
0.600117
0.594548
0.589004
0.583485
0.577991
0.572522
0.567079
0.561662
0.556271
0.550906
0.545566
0.540254
0.534968
0.529711
0.524479
0.519273
0.514096
0.508946
0.503823
0.498726
0.493659
0.488618
0.483606
0.478622
0.473668
0.468746
0.463851
0.458986
0.454151
0.449344
0.444567
0.439821
0.435105
0.430418
0.425762
0.421136
0.416542
0.411978
0.407446
0.402946
0.398475
0.394037
0.389631
0.385258
0.380917
0.376607
0.37233
0.368087
0.363875
0.359696
0.355553
0.351442
0.347366
0.343321
0.339311
0.335335
0.331391
0.327481
0.323606
0.319766
0.315962
0.31219
0.308451
0.304747
0.301074
0.29744
0.293851
0.290317
0.28685
0.283448
0.280111
0.276839
0.27363
0.27048
0.26739
0.264359
0.261384
0.258466
0.255603
0.252794
0.250037
0.247331
0.244676
0.242071
0.239514
0.237004
0.234541
0.232123
0.229749
0.227419
0.225131
0.222886
0.22068
0.218515
0.216389
0.214301
0.21225
0.210236
0.208259
0.206317
0.204409
0.202535
0.200694
0.198885
0.197109
0.195363
0.193648
0.191962
0.190305
0.188678
0.187079
0.185508
0.183963
0.182445
0.180952
0.179485
0.178042
0.176624
0.17523
0.173859
0.172511
0.171186
0.169883
0.168601
0.167341
0.166101
0.164882
0.163682
0.162502
0.161341
0.1602
0.159076
0.157971
0.156883
0.155813
0.15476
0.153724
0.152704
0.1517
0.150713
0.14974
0.148783
0.147841
0.146913
0.146
0.145101
0.144216
0.143345
0.142487
0.141643
0.140811
0.139992
0.139185
0.138391
0.137608
0.136837
0.136078
0.13533
0.134593
0.133867
0.133152
0.132447
0.131753
0.131069
0.130395
0.129731
0.129076
0.128432
0.127796
0.12717
0.126552
0.125944
0.125344
0.124753
0.12417
0.123596
0.123029
0.122471
0.12192
0.121378
0.120842
0.120315
0.119794
0.119281
0.118775
0.118276
0.117785
0.117299
0.11682
0.116348
0.115883
0.115424
0.11497
0.114524
0.114083
0.113648
0.113219
0.112796
0.112378
0.111966
0.11156
0.111159
0.110763
0.110372
0.109987
0.109606
0.109231
0.108861
0.108495
0.108134
0.107778
0.107427
0.10708
0.106738
0.1064
0.106066
0.105737
0.105412
0.105091
0.104774
0.104462
0.104153
0.103848
0.103547
0.10325
0.102956
0.102667
0.102381
0.102098
0.101819
0.101544
0.101272
0.101004
0.100738
0.100476
